<?xml version="1.0" standalone="no"?>
<!DOCTYPE svg PUBLIC "-//W3C//DTD SVG 20010904//EN"
 "http://www.w3.org/TR/2001/REC-SVG-20010904/DTD/svg10.dtd">
<svg version="1.0" xmlns="http://www.w3.org/2000/svg"
 width="400.000000pt" height="400.000000pt" viewBox="0 0 400.000000 400.000000"
 preserveAspectRatio="xMidYMid meet">

<g transform="translate(0.000000,400.000000) scale(0.100000,-0.100000)"
fill="#000000" stroke="none">
<path d="M1219 3173 c-69 -63 -120 -177 -134 -300 -3 -32 -8 -69 -11 -83 -2
-14 16 13 41 59 59 109 102 167 174 233 l58 54 -31 37 c-17 20 -37 37 -43 37
-7 0 -31 -16 -54 -37z"/>
<path d="M532 2689 c-158 -21 -288 -160 -344 -368 -28 -104 -31 -365 -5 -458
27 -98 86 -229 137 -306 145 -221 329 -334 590 -360 39 -4 42 -3 20 6 -108 46
-142 68 -216 142 -87 86 -138 166 -178 281 -105 299 -46 641 149 862 48 53
141 123 192 143 25 10 17 14 -92 34 -161 29 -191 32 -253 24z"/>
<path d="M1325 2663 c-72 -7 -73 -13 -10 -46 75 -40 179 -138 225 -211 33 -52
37 -55 78 -56 48 0 48 0 28 83 -23 99 -103 194 -189 226 -28 11 -51 11 -132 4z"/>
<path d="M2908 2653 c-54 -4 -58 -6 -58 -28 0 -22 4 -25 41 -25 85 0 79 33 79
-440 0 -404 -1 -420 -19 -430 -11 -5 -36 -10 -55 -10 -32 0 -36 -3 -36 -25 l0
-25 175 0 175 0 0 25 c0 22 -4 25 -36 25 -19 0 -44 5 -55 10 -18 10 -19 26
-19 470 l0 460 -67 -2 c-38 -1 -94 -3 -125 -5z"/>
<path d="M942 2291 c-29 -10 -66 -31 -82 -46 -74 -71 -56 -175 31 -175 30 0
42 6 56 26 14 22 15 31 4 58 -24 59 -24 64 2 81 32 21 142 24 186 5 42 -17 61
-56 61 -127 l0 -58 -105 -22 c-163 -33 -278 -97 -306 -170 -15 -41 -10 -106
11 -141 58 -95 255 -96 371 -2 l38 30 16 -29 c21 -42 53 -61 103 -61 50 0 97
21 113 51 15 29 -1 42 -36 29 -36 -14 -64 -4 -76 27 -5 13 -9 106 -9 206 0
100 -5 198 -10 218 -12 42 -51 82 -102 103 -53 23 -198 21 -266 -3z m258 -363
c0 -118 -42 -182 -138 -208 -83 -22 -152 25 -152 102 0 59 23 93 83 122 45 23
151 52 195 55 8 1 12 -20 12 -71z"/>
<path d="M1770 2294 c-19 -8 -50 -29 -67 -46 -18 -18 -34 -28 -34 -22 -1 5 -2
20 -3 34 -1 31 -19 34 -143 25 -90 -7 -93 -8 -93 -31 0 -22 4 -24 43 -24 24 0
48 -5 55 -12 9 -9 12 -107 12 -379 0 -412 2 -399 -71 -399 -35 0 -39 -3 -39
-25 l0 -25 175 0 175 0 0 25 c0 22 -4 25 -38 25 -68 0 -71 7 -72 165 -1 77 -1
144 -1 150 1 5 12 -7 26 -27 53 -78 174 -101 274 -52 63 32 131 116 151 188
21 76 9 223 -24 290 -51 104 -127 156 -231 155 -33 0 -76 -7 -95 -15z m114
-58 c41 -17 80 -67 95 -121 14 -52 14 -214 0 -269 -44 -174 -254 -174 -298 0
-14 55 -14 217 0 269 21 76 83 134 147 135 12 0 38 -6 56 -14z"/>
<path d="M2475 2291 c-22 -10 -51 -30 -64 -45 -32 -35 -41 -33 -41 9 l0 35
-47 0 c-27 0 -78 -3 -115 -7 -63 -5 -68 -8 -68 -29 0 -21 5 -24 36 -24 19 0
44 -5 55 -10 18 -10 19 -25 19 -385 0 -360 -1 -375 -19 -385 -11 -5 -36 -10
-55 -10 -32 0 -36 -3 -36 -25 l0 -25 173 2 c170 3 172 3 175 26 3 20 -1 22
-35 22 -73 0 -78 9 -81 174 -2 80 0 146 5 146 4 0 18 -16 31 -36 45 -69 169
-95 259 -55 54 25 113 85 143 146 22 45 25 62 24 165 0 95 -4 123 -21 162 -29
62 -89 127 -138 149 -53 24 -147 24 -200 0z m118 -55 c81 -34 111 -114 105
-278 -5 -150 -38 -217 -120 -238 -80 -22 -152 22 -182 113 -21 62 -21 225 -1
293 29 97 115 146 198 110z"/>
<path d="M3425 2298 c-87 -31 -162 -117 -186 -211 -18 -72 -8 -222 19 -273 54
-104 131 -154 249 -162 43 -3 91 1 118 8 53 15 118 68 157 129 l28 45 -22 12
c-19 10 -24 7 -52 -35 -51 -76 -143 -113 -224 -91 -82 22 -133 90 -148 198
l-7 52 222 0 c253 0 241 -5 222 87 -22 110 -83 197 -165 234 -46 21 -161 25
-211 7z m190 -68 c34 -32 57 -98 53 -151 l-3 -44 -151 -3 -151 -3 9 53 c13 76
47 137 88 160 47 26 121 20 155 -12z"/>
<path d="M1440 1259 c0 -44 4 -68 10 -64 6 3 10 19 10 35 0 24 5 29 28 33 l27
4 -27 2 c-21 1 -28 6 -28 21 0 16 7 20 30 20 17 0 30 5 30 10 0 6 -18 10 -40
10 l-40 0 0 -71z"/>
<path d="M1550 1260 l0 -70 40 0 c48 0 54 17 8 22 -25 2 -33 8 -33 23 0 15 8
21 35 24 l35 4 -35 6 c-50 9 -55 41 -6 41 20 0 36 5 36 10 0 6 -18 10 -40 10
l-40 0 0 -70z"/>
<path d="M1672 1263 l3 -68 32 -3 c40 -4 73 26 73 68 0 41 -31 70 -75 70 l-36
0 3 -67z m84 22 c3 -14 3 -36 0 -50 -5 -20 -13 -25 -36 -25 -29 0 -30 1 -30
50 0 49 1 50 30 50 23 0 31 -5 36 -25z"/>
<path d="M1812 1263 l3 -68 43 -3 c25 -2 42 1 42 7 0 6 -16 11 -36 11 -31 0
-35 3 -32 22 2 16 12 25 33 29 l30 7 -32 1 c-26 1 -33 5 -33 21 0 16 7 20 35
20 19 0 35 5 35 10 0 6 -20 10 -45 10 l-46 0 3 -67z"/>
<path d="M1940 1259 c0 -44 4 -68 10 -64 6 3 10 17 10 30 0 24 16 35 38 28 6
-3 12 -15 12 -28 0 -13 5 -27 10 -30 14 -9 13 48 -2 63 -7 7 -22 12 -35 12
-16 0 -23 6 -23 20 0 15 7 20 25 20 18 0 25 -5 25 -20 0 -11 5 -20 10 -20 14
0 13 33 -2 48 -7 7 -27 12 -45 12 l-33 0 0 -71z"/>
<path d="M2087 1263 c-26 -63 -31 -98 -7 -54 15 29 76 30 85 1 3 -11 10 -20
16 -20 5 0 -1 24 -12 53 -12 28 -24 60 -26 70 -10 33 -28 17 -56 -50z m63 -15
c0 -5 -11 -8 -25 -8 -29 0 -29 -1 -14 37 l11 28 13 -25 c8 -14 14 -28 15 -32z"/>
<path d="M2222 1263 l-2 -73 40 0 c22 0 40 5 40 10 0 6 -16 10 -35 10 l-34 0
-4 63 -3 62 -2 -72z"/>
<path d="M2405 1316 c-27 -20 -27 -92 0 -112 10 -8 26 -14 35 -14 23 0 57 27
46 37 -5 4 -11 2 -13 -4 -7 -19 -60 -16 -67 3 -11 28 -6 62 10 78 20 20 29 20
49 0 20 -20 33 -11 15 11 -16 19 -50 19 -75 1z"/>
<path d="M2520 1260 c0 -40 4 -70 10 -70 6 0 10 14 10 30 0 25 4 30 25 30 20
0 27 -6 32 -30 3 -16 10 -30 15 -30 5 0 7 8 4 18 -2 9 -7 26 -10 37 -3 11 -1
27 4 34 16 27 -7 51 -50 51 l-40 0 0 -70z m75 30 c0 -9 -11 -16 -27 -18 -23
-3 -28 1 -28 18 0 17 5 21 28 18 16 -2 27 -9 27 -18z"/>
<path d="M2652 1263 l3 -68 43 -3 c25 -2 42 1 42 7 0 6 -16 11 -36 11 -31 0
-35 3 -32 22 2 16 12 25 33 29 l30 7 -32 1 c-26 1 -33 5 -33 21 0 15 7 20 29
20 17 0 33 5 36 10 4 6 -12 10 -40 10 l-46 0 3 -67z"/>
<path d="M2780 1260 l0 -70 29 0 c15 0 40 9 55 21 53 42 21 119 -49 119 l-35
0 0 -70z m78 38 c7 -7 12 -24 12 -38 0 -32 -17 -50 -47 -50 -21 0 -23 4 -23
50 0 46 2 50 23 50 13 0 28 -5 35 -12z"/>
<path d="M2920 1266 c0 -36 5 -68 10 -71 6 -4 10 20 10 64 0 41 -4 71 -10 71
-6 0 -10 -28 -10 -64z"/>
<path d="M2970 1320 c0 -5 11 -10 25 -10 23 0 24 -4 28 -62 l3 -63 2 63 c2 59
3 62 27 62 14 0 25 5 25 10 0 6 -25 10 -55 10 -30 0 -55 -4 -55 -10z"/>
<path d="M3172 1273 c-2 -54 1 -64 19 -73 51 -28 89 12 89 91 0 61 -19 46 -22
-18 -3 -57 -3 -58 -35 -61 -35 -4 -39 3 -46 83 -3 28 -4 21 -5 -22z"/>
<path d="M3320 1258 c0 -53 3 -69 11 -61 6 6 10 32 8 57 -3 25 -2 46 1 46 3 0
20 -25 38 -55 18 -30 37 -55 43 -55 5 0 9 32 9 71 0 38 -4 68 -9 65 -5 -3 -8
-26 -7 -51 1 -25 -1 -45 -4 -45 -3 0 -19 23 -35 50 -42 71 -55 66 -55 -22z"/>
<path d="M3477 1323 c-11 -10 -8 -121 3 -128 6 -4 10 20 10 64 0 71 -1 77 -13
64z"/>
<path d="M3547 1312 c-23 -25 -21 -78 3 -102 41 -41 100 -12 100 49 0 63 -64
96 -103 53z m67 -5 c13 -9 17 -23 14 -52 -3 -36 -6 -40 -32 -43 -34 -4 -46 10
-46 55 0 20 7 36 18 42 22 13 25 13 46 -2z"/>
<path d="M3690 1259 c0 -44 4 -68 10 -64 6 3 10 30 10 58 l0 52 33 -54 c47
-78 57 -77 57 8 0 82 -17 97 -22 19 l-3 -53 -30 52 c-42 74 -55 69 -55 -18z"/>
</g>
</svg>